0000000000000000000000000000000000000000
0000000000000000000000000000000000000000
0000000000000000000000000000000004030303
0100000000000000000000000000000004030303
0000000000000000000000000000000000000000
0000000000000000000000000000000000000000
0000000000000000001000000000000000000000
0100000202000000111000000000000000000000
0000000000000000111000000000000000000000
0000000002000000000000000000000000000000
0001000200000000000000000000000000000000
0101010200000200000000000000000000000000
0000000000001312000000000000000000000000
0000000000001312000000000000000000000000
0000000000000000000000000000000000000000
0000010000000100000000000000000000000000
0000000000000000000000000000000000000000
0000000000030000000000000000000000000000
0000000000000000000000000000000000000000
0000000000000000000000000000000000000000